0.3380E-04
0.7100E-04
1.420E-04
2.630E-04
0.1420E-03
0.2480E-03 
0.2630E-03 
0.4210E-03 
0.6200E-03 
0.8550E-03 
1.125E-03 
1.125E-03 
1.450E-03 
1.800E-03 
1.900E-03
2.550E-03
2.550E-03 
4.800E-03 
4.350E-03 
6.400E-03
6.440E-03
17.00E-03
9.400E-03
8.800E-03
19.10E-03
1.20E-03
11.20E-03 
13.25E-03 
14.80E-03
26.00E-03 
27.20E-03 
28.90E-03 
30.50E-03 
34.70E-03 
36.60E-03 
45.00E-03 
43.00E-03
15.50E-03
17.70E-03
23.70E-03
41.50E-03 
47.80E-03 
52.00E-03 
52.50E-03 
50.00E-03 
55.60E-03 
61.25E-03 
59.30E-03
61.80E-03 
77.30E-03 
85.00E-03 
90.00E-03 
89.50E-03 
89.60E-03 
89.60E-03
