13.12E+03
15.20E+03
17.80E+03
20.20E+03
17.00E+03
19.50E+03
20.25E+03
35.50E+03
22.30E+03
25.00E+03
28.00E+03
29.00E+03
30.00E+03
33.00E+03
35.20E+03
38.50E+03
41.00E+03
49.80E+03
50.00E+03
57.00E+03
60.50E+03
69.00E+03
70.00E+03
79.00E+03
81.00E+03
90.00E+03
100.0E+03 
100.0E+03 
111.0E+03 
115.0E+03 
134.0E+03 
152.0E+03 
155.0E+03 
163.0E+03 
181.0E+03 
200.0E+03 
205.0E+03 
250.0E+03 
270.0E+03 
300.0E+03 
310.0E+03 
345.0E+03 
360.0E+03 
400.0E+03 
2000.0E+03
430.0E+03
455.0E+03
470.0E+03
505.0E+03
550.0E+03
960.0E+03
1500.0E+03
2500.0E+03
3000.0E+03
3500.0E+03
